cameraMatrixL_int
[[536   0 338]
 [  0 537 231]
 [  0   0   1]]
cameraMatrixL_frac
[[220   0 138]
 [  0  45 138]
 [  0   0   0]]
cameraMatrixR_int
[[540   0 327]
 [  0 539 248]
 [  0   0   1]]
cameraMatrixR_frac
[[ 20   0  49]
 [  0 160  99]
 [  0   0   0]]
PL_int
[[538   0 341   0]
 [  0 538 243   0]
 [  0   0   1   0]]
PL_frac
[[103   0 177   0]
 [  0 103 163   0]
 [  0   0   0   0]]
PR_int
[[  538     0   341 63743]
 [    0   538   243     0]
 [    0     0     1     0]]
PR_frac
[[103   0 177   6]
 [  0 103 163   0]
 [  0   0   0   0]]
distCoeffsL_frac
[[-9871  5161    46    15 -1855]]
distCoeffsR_frac
[[-10000   6405    -17     38  -4917]]
RInvL_frac
[[32766   230  -150]
 [ -229 32766   166]
 [  151  -165 32767]]
RInvR_frac
[[32765   354  -233]
 [ -355 32765  -164]
 [  231   167 32766]]
